{
 "cells": [
  {
   "cell_type": "code",
   "execution_count": null,
   "metadata": {},
   "outputs": [],
   "source": [
    "import torch\n",
    "import numpy as np\n",
    "from toy_model import Tree, TreeDataset\n",
    "import json\n",
    "\n",
    "\n",
    "DEVICE = 'cpu'\n",
    "\n",
    "\n",
    "tree_dict = json.load(open('./tree.json', 'r'))\n",
    "\n",
    "tree = Tree(tree_dict=tree_dict)\n",
    "\n",
    "D_MODEL = tree.n_features\n",
    "\n",
    "matryoshka_config = {\n",
    "    'n_latents': tree.n_features,\n",
    "    'target_l0': 1.2338, # L0 of the true features\n",
    "    'n_prefixes': 10,\n",
    "    'd_model': D_MODEL,\n",
    "    'n_steps': 50000,\n",
    "    'lr': 3e-2,\n",
    "    'permute_latents': True,\n",
    "    'sparsity_type': 'l1',\n",
    "    'starting_sparsity_loss_scale': 0.2\n",
    "}\n",
    "\n",
    "\n",
    "vanilla_config = matryoshka_config | {'n_prefixes': 1, 'permute_latents': False}"
   ]
  },
  {
   "cell_type": "code",
   "execution_count": null,
   "metadata": {},
   "outputs": [],
   "source": [
    "from scipy.optimize import linear_sum_assignment\n",
    "\n",
    "@torch.no_grad()\n",
    "def get_latent_perm(sae, tree_ds, include_all_latents=False):\n",
    "    '''\n",
    "    Get permutation of sae latents that tries to assign each latent to its closest-matching ground-truth feature\n",
    "    '''\n",
    "    global DEVICE\n",
    "    sample = tree_ds.tree.sample(1000).to(DEVICE)\n",
    "    x = sample @ tree_ds.true_feats.to(DEVICE)\n",
    "    \n",
    "    feat_norms = tree_ds.true_feats.norm(dim=-1).to(DEVICE)\n",
    "    scaled_sample = sample * feat_norms[None, :]\n",
    "\n",
    "    true_acts = scaled_sample\n",
    "    true_acts = true_acts/true_acts.max(dim=0, keepdim=True).values.clamp(min=1e-10)\n",
    "\n",
    "    with torch.no_grad():\n",
    "        sae_acts = sae.get_acts(x)\n",
    "        sae_acts = sae_acts/sae_acts.max(dim=0, keepdim=True).values.clamp(min=1e-10)\n",
    "        sims = (sae_acts.T @ true_acts).cpu()\n",
    "\n",
    "    max_value = sims.max()\n",
    "    cost_matrix = max_value - sims\n",
    "\n",
    "    row_ind, col_ind = row_ind, col_ind = linear_sum_assignment(cost_matrix.detach().cpu().numpy().T)\n",
    "    leftover_features = np.array(list({i for i in range(sims.shape[0]) if sae_acts.max(dim=0).values[i] > 0} - set(col_ind))).astype(int)\n",
    "    \n",
    "    if include_all_latents:\n",
    "        return torch.tensor(np.concatenate([col_ind, leftover_features]))\n",
    "    else:\n",
    "        return torch.tensor(col_ind)"
   ]
  },
  {
   "cell_type": "code",
   "execution_count": null,
   "metadata": {},
   "outputs": [],
   "source": [
    "\n",
    "from torch.utils.data import DataLoader\n",
    "from sae import MatryoshkaSAE\n",
    "from tqdm import tqdm\n",
    "\n",
    "# Get true_feats\n",
    "true_feats = (torch.randn(tree.n_features, D_MODEL)/np.sqrt(D_MODEL)).to(DEVICE)\n",
    "\n",
    "# Generate random orthogonal directions by taking QR decomposition of random matrix\n",
    "Q, R = torch.linalg.qr(torch.randn(D_MODEL, D_MODEL))\n",
    "true_feats = Q[:tree.n_features].to(DEVICE)\n",
    "\n",
    "\n",
    "random_scaling = 1+torch.randn(tree.n_features, device=DEVICE)* 0.05\n",
    "true_feats *= random_scaling[:, None]\n",
    "\n",
    "\n",
    "dataset = TreeDataset(tree, true_feats.cpu(), batch_size=200, num_batches=vanilla_config['n_steps'])\n",
    "dataloader = DataLoader(dataset, batch_size=None, num_workers=6, pin_memory=True)\n",
    "\n",
    "ref_acts = dataset.tree.sample(100).to(DEVICE)\n",
    "ref_x = ref_acts @ dataset.true_feats.to(DEVICE)\n",
    "ref_acts = ref_acts*random_scaling[None]\n"
   ]
  },
  {
   "cell_type": "code",
   "execution_count": null,
   "metadata": {},
   "outputs": [],
   "source": [
    "from IPython.display import clear_output\n",
    "from heatmap import heatmap\n",
    "\n",
    "\n",
    "vanilla_sae = MatryoshkaSAE(**vanilla_config).to(DEVICE)\n",
    "matryoshka_sae = MatryoshkaSAE(**matryoshka_config).to(DEVICE)\n",
    "\n",
    "for step, batch in tqdm(enumerate(dataloader), total=vanilla_config['n_steps']):\n",
    "    batch = batch.to(DEVICE)\n",
    "\n",
    "    matryoshka_sae.step(batch)\n",
    "    vanilla_sae.step(batch)\n",
    "\n",
    "    if step % 300 == 0:\n",
    "        clear_output(wait=True)\n",
    "    \n",
    "        heatmap(ref_acts.cpu(), title='Ground-Truth Features').show()\n",
    "\n",
    "        matryoshka_perm = get_latent_perm(matryoshka_sae, dataset)\n",
    "        heatmap(matryoshka_sae.get_acts(ref_x)[:,matryoshka_perm].cpu(), title=f'Matryoshka Latents  |  Sparsity Reg: {matryoshka_sae.sparsity_controller():.2f}  |  Step {step}',).show()\n",
    "\n",
    "        vanilla_perm = get_latent_perm(vanilla_sae, dataset)\n",
    "        heatmap(vanilla_sae.get_acts(ref_x)[:,vanilla_perm].cpu(), title=f'Vanilla Latents  |  Sparsity Reg: {vanilla_sae.sparsity_controller():.2f}  |  Step {step}').show()"
   ]
  },
  {
   "cell_type": "code",
   "execution_count": null,
   "metadata": {},
   "outputs": [],
   "source": [
    "vanilla_sae.W_dec"
   ]
  },
  {
   "cell_type": "code",
   "execution_count": 113,
   "metadata": {},
   "outputs": [
    {
     "data": {
      "application/vnd.plotly.v1+json": {
       "config": {
        "plotlyServerURL": "https://plot.ly"
       },
       "data": [
        {
         "colorscale": [
          [
           0,
           "#440154"
          ],
          [
           0.1111111111111111,
           "#482878"
          ],
          [
           0.2222222222222222,
           "#3e4989"
          ],
          [
           0.3333333333333333,
           "#31688e"
          ],
          [
           0.4444444444444444,
           "#26828e"
          ],
          [
           0.5555555555555556,
           "#1f9e89"
          ],
          [
           0.6666666666666666,
           "#35b779"
          ],
          [
           0.7777777777777778,
           "#6ece58"
          ],
          [
           0.8888888888888888,
           "#b5de2b"
          ],
          [
           1,
           "#fde725"
          ]
         ],
         "type": "heatmap",
         "z": [
          [
           0.9999999403953552,
           -5.983277873156112e-8,
           5.0738137247208215e-8,
           -3.9928256256871464e-8,
           -8.405889317941728e-10,
           -7.025002446425788e-8,
           1.2747872801810445e-7,
           -5.251732204669679e-8,
           -4.85969593455593e-8,
           -1.3769898998816643e-8,
           3.607711462905172e-8,
           -1.7511524674773682e-8,
           1.766086654697574e-8,
           -8.903080583877454e-8,
           4.382917495604488e-8,
           -6.37207833165121e-8,
           -3.430147543781459e-8,
           -1.0854361853773753e-8,
           5.61983704017166e-8,
           3.11547339038043e-8
          ],
          [
           -5.983277873156112e-8,
           0.9999999403953552,
           -9.38883246703881e-8,
           8.213817181967897e-8,
           3.727523534280408e-8,
           -5.257803792346749e-8,
           2.7208724162619546e-8,
           -3.8065110175011796e-8,
           1.1166911662030543e-7,
           -1.0128028549161172e-7,
           -6.74606397410571e-8,
           -4.700510913835387e-8,
           -6.8017014243082485e-9,
           -4.985848889305089e-8,
           -3.170854157019676e-8,
           4.90554370458085e-8,
           -2.821091138471843e-9,
           1.3935864906500228e-8,
           2.3556582462447295e-8,
           -6.048643541589627e-8
          ],
          [
           5.0738137247208215e-8,
           -9.38883246703881e-8,
           0.9999997615814209,
           -3.082751476313206e-8,
           2.9870552253896676e-8,
           3.021727934537921e-8,
           -2.966833179129935e-8,
           5.114433321296019e-8,
           -2.544509136725992e-8,
           1.2953575989627097e-8,
           2.750353722547061e-8,
           2.2121067644320647e-8,
           8.678379259663416e-8,
           6.870457980312494e-8,
           -8.441269905290483e-9,
           -1.0193982546979896e-8,
           -9.566792691373394e-9,
           4.4006402077911844e-8,
           -5.5093927642246854e-8,
           1.6179814821271066e-8
          ],
          [
           -3.9928256256871464e-8,
           8.213817181967897e-8,
           -3.082751476313206e-8,
           0.9999999403953552,
           7.443948391028243e-8,
           5.161554028632054e-8,
           -3.50353772660128e-8,
           -1.8875159923936735e-7,
           -2.6866302960115718e-8,
           -8.980308052741748e-8,
           -4.0377239329814074e-9,
           -4.0937198519941376e-8,
           -5.7701019073874704e-8,
           2.3362265011428462e-8,
           -6.287458376164068e-8,
           2.031114121336941e-8,
           -2.3138600369065898e-8,
           -6.408440889060785e-9,
           -6.530206064780941e-8,
           -4.0786915178614436e-8
          ],
          [
           -8.405889317941728e-10,
           3.727523534280408e-8,
           2.9870552253896676e-8,
           7.443948391028243e-8,
           0.9999999403953552,
           5.167619931967238e-8,
           -5.873832265024248e-8,
           -5.548689330225898e-8,
           -2.0593207139540937e-9,
           -3.4419421979237086e-8,
           -1.8332574569512872e-8,
           1.1463090032748369e-7,
           4.507056416969135e-8,
           -5.272794467714448e-8,
           -5.095225930062952e-8,
           6.1960694353047074e-9,
           -3.134873693966256e-8,
           -2.2590368686792317e-8,
           3.002191384382513e-9,
           -3.558628502986494e-9
          ],
          [
           -7.025002446425788e-8,
           -5.257803792346749e-8,
           3.021727934537921e-8,
           5.161554028632054e-8,
           5.167619931967238e-8,
           1,
           -2.638692109258045e-8,
           5.3967184499015275e-8,
           4.3065302435252306e-8,
           8.5896289192533e-8,
           1.224210866013209e-8,
           -4.113601193012073e-8,
           8.15821810107309e-9,
           -1.177455377643355e-8,
           2.4748244342731596e-8,
           -8.5191729226608e-9,
           7.444845095960773e-8,
           7.81858986442785e-8,
           -3.0820974217249386e-8,
           4.104129658344391e-8
          ],
          [
           1.2747872801810445e-7,
           2.7208724162619546e-8,
           -2.966833179129935e-8,
           -3.50353772660128e-8,
           -5.873832265024248e-8,
           -2.638692109258045e-8,
           1,
           2.3412763283658933e-8,
           -2.6442998901643477e-9,
           1.0186385068777781e-9,
           5.442628037144459e-8,
           -1.0879356082682534e-8,
           8.00464405870116e-8,
           -7.065838047992656e-8,
           -1.4319248009542207e-9,
           7.501213872274093e-9,
           3.2368854263609137e-9,
           1.2055638265451307e-8,
           -2.9338700358039205e-8,
           3.4223713640813e-8
          ],
          [
           -5.251732204669679e-8,
           -3.8065110175011796e-8,
           5.114433321296019e-8,
           -1.8875159923936735e-7,
           -5.548689330225898e-8,
           5.3967184499015275e-8,
           2.3412763283658933e-8,
           0.9999999403953552,
           -2.1472107647468874e-8,
           6.818048348122829e-9,
           7.24303816923566e-8,
           -6.476002312183482e-8,
           1.118310422043578e-8,
           -2.8217179703915463e-8,
           -2.4815093979668745e-8,
           -8.730747680374407e-9,
           7.490936582144059e-8,
           -1.0273884853972959e-8,
           3.4962205575084226e-8,
           1.451691122866805e-8
          ],
          [
           -4.85969593455593e-8,
           1.1166911662030543e-7,
           -2.544509136725992e-8,
           -2.6866302960115718e-8,
           -2.0593207139540937e-9,
           4.3065302435252306e-8,
           -2.6442998901643477e-9,
           -2.1472107647468874e-8,
           0.9999998807907104,
           3.1588651694391956e-8,
           -2.106368413024029e-9,
           8.533481121730802e-8,
           -5.8992490892251226e-8,
           -6.827000476050671e-8,
           -6.177710787369506e-8,
           -4.6509999407362557e-8,
           -3.168648987639244e-8,
           -2.552642719422238e-8,
           -6.479030645323292e-8,
           1.527810589152523e-8
          ],
          [
           -1.3769898998816643e-8,
           -1.0128028549161172e-7,
           1.2953575989627097e-8,
           -8.980308052741748e-8,
           -3.4419421979237086e-8,
           8.5896289192533e-8,
           1.0186385068777781e-9,
           6.818048348122829e-9,
           3.1588651694391956e-8,
           1,
           7.173642302404915e-8,
           5.6717425422903034e-8,
           -4.7946222991868126e-8,
           1.906485813663039e-8,
           1.2109584446307053e-8,
           -5.583036966072541e-8,
           3.123556169271069e-8,
           -1.1239828623388348e-8,
           -5.244950695981743e-9,
           -1.7056304812967937e-8
          ],
          [
           3.607711462905172e-8,
           -6.74606397410571e-8,
           2.750353722547061e-8,
           -4.0377239329814074e-9,
           -1.8332574569512872e-8,
           1.224210866013209e-8,
           5.442628037144459e-8,
           7.24303816923566e-8,
           -2.106368413024029e-9,
           7.173642302404915e-8,
           0.9999998807907104,
           3.782605162427899e-8,
           3.055214392588823e-8,
           -4.410478382510519e-8,
           3.4265145387735174e-8,
           -1.1345573369681006e-9,
           2.0191947669445653e-8,
           2.2100628882526507e-8,
           4.1010508766703424e-8,
           1.1254726928200398e-8
          ],
          [
           -1.7511524674773682e-8,
           -4.700510913835387e-8,
           2.2121067644320647e-8,
           -4.0937198519941376e-8,
           1.1463090032748369e-7,
           -4.113601193012073e-8,
           -1.0879356082682534e-8,
           -6.476002312183482e-8,
           8.533481121730802e-8,
           5.6717425422903034e-8,
           3.782605162427899e-8,
           1,
           3.8534889057473265e-8,
           2.5982714646488603e-8,
           -1.6445966366518405e-8,
           -4.455307589523727e-8,
           9.661531130689127e-9,
           -1.3552443611786202e-8,
           1.1837974511763605e-7,
           8.58439186401938e-9
          ],
          [
           1.766086654697574e-8,
           -6.8017014243082485e-9,
           8.678379259663416e-8,
           -5.7701019073874704e-8,
           4.507056416969135e-8,
           8.15821810107309e-9,
           8.00464405870116e-8,
           1.118310422043578e-8,
           -5.8992490892251226e-8,
           -4.7946222991868126e-8,
           3.055214392588823e-8,
           3.8534889057473265e-8,
           0.9999999403953552,
           -4.6573919831871535e-8,
           5.179185080805837e-8,
           -1.8691677539095508e-8,
           1.587707387784576e-8,
           -3.7156365095825095e-8,
           1.1644959663215104e-8,
           5.4664461401898734e-8
          ],
          [
           -8.903080583877454e-8,
           -4.985848889305089e-8,
           6.870457980312494e-8,
           2.3362265011428462e-8,
           -5.272794467714448e-8,
           -1.177455377643355e-8,
           -7.065838047992656e-8,
           -2.8217179703915463e-8,
           -6.827000476050671e-8,
           1.906485813663039e-8,
           -4.410478382510519e-8,
           2.5982714646488603e-8,
           -4.6573919831871535e-8,
           1,
           -5.196325503220578e-8,
           2.6242160444667206e-8,
           1.956953177284504e-8,
           8.125353723187345e-9,
           9.958700530887654e-11,
           -2.184273562022554e-8
          ],
          [
           4.382917495604488e-8,
           -3.170854157019676e-8,
           -8.441269905290483e-9,
           -6.287458376164068e-8,
           -5.095225930062952e-8,
           2.4748244342731596e-8,
           -1.4319248009542207e-9,
           -2.4815093979668745e-8,
           -6.177710787369506e-8,
           1.2109584446307053e-8,
           3.4265145387735174e-8,
           -1.6445966366518405e-8,
           5.179185080805837e-8,
           -5.196325503220578e-8,
           1,
           -1.252726988809627e-8,
           -6.773308136587275e-9,
           -2.820827571525797e-9,
           3.0694984332058084e-8,
           -1.1363167295996845e-8
          ],
          [
           -6.37207833165121e-8,
           4.90554370458085e-8,
           -1.0193982546979896e-8,
           2.031114121336941e-8,
           6.1960694353047074e-9,
           -8.5191729226608e-9,
           7.501213872274093e-9,
           -8.730747680374407e-9,
           -4.6509999407362557e-8,
           -5.583036966072541e-8,
           -1.1345573369681006e-9,
           -4.455307589523727e-8,
           -1.8691677539095508e-8,
           2.6242160444667206e-8,
           -1.252726988809627e-8,
           1.0000001192092896,
           2.1539744210485878e-8,
           -1.4632059119890073e-8,
           -6.770913074660712e-8,
           -3.449873631211631e-8
          ],
          [
           -3.430147543781459e-8,
           -2.821091138471843e-9,
           -9.566792691373394e-9,
           -2.3138600369065898e-8,
           -3.134873693966256e-8,
           7.444845095960773e-8,
           3.2368854263609137e-9,
           7.490936582144059e-8,
           -3.168648987639244e-8,
           3.123556169271069e-8,
           2.0191947669445653e-8,
           9.661531130689127e-9,
           1.587707387784576e-8,
           1.956953177284504e-8,
           -6.773308136587275e-9,
           2.1539744210485878e-8,
           0.9999997615814209,
           -6.254347084677647e-8,
           -9.642519671615446e-9,
           4.758412330829742e-8
          ],
          [
           -1.0854361853773753e-8,
           1.3935864906500228e-8,
           4.4006402077911844e-8,
           -6.408440889060785e-9,
           -2.2590368686792317e-8,
           7.81858986442785e-8,
           1.2055638265451307e-8,
           -1.0273884853972959e-8,
           -2.552642719422238e-8,
           -1.1239828623388348e-8,
           2.2100628882526507e-8,
           -1.3552443611786202e-8,
           -3.7156365095825095e-8,
           8.125353723187345e-9,
           -2.820827571525797e-9,
           -1.4632059119890073e-8,
           -6.254347084677647e-8,
           1.0000001192092896,
           1.4369427425720005e-8,
           -4.595849034672028e-8
          ],
          [
           5.61983704017166e-8,
           2.3556582462447295e-8,
           -5.5093927642246854e-8,
           -6.530206064780941e-8,
           3.002191384382513e-9,
           -3.0820974217249386e-8,
           -2.9338700358039205e-8,
           3.4962205575084226e-8,
           -6.479030645323292e-8,
           -5.244950695981743e-9,
           4.1010508766703424e-8,
           1.1837974511763605e-7,
           1.1644959663215104e-8,
           9.958700530887654e-11,
           3.0694984332058084e-8,
           -6.770913074660712e-8,
           -9.642519671615446e-9,
           1.4369427425720005e-8,
           0.9999999403953552,
           1.8283840219623926e-8
          ],
          [
           3.11547339038043e-8,
           -6.048643541589627e-8,
           1.6179814821271066e-8,
           -4.0786915178614436e-8,
           -3.558628502986494e-9,
           4.104129658344391e-8,
           3.4223713640813e-8,
           1.451691122866805e-8,
           1.527810589152523e-8,
           -1.7056304812967937e-8,
           1.1254726928200398e-8,
           8.58439186401938e-9,
           5.4664461401898734e-8,
           -2.184273562022554e-8,
           -1.1363167295996845e-8,
           -3.449873631211631e-8,
           4.758412330829742e-8,
           -4.595849034672028e-8,
           1.8283840219623926e-8,
           1.0000001192092896
          ]
         ]
        }
       ],
       "layout": {
        "height": 600,
        "template": {
         "data": {
          "bar": [
           {
            "error_x": {
             "color": "#2a3f5f"
            },
            "error_y": {
             "color": "#2a3f5f"
            },
            "marker": {
             "line": {
              "color": "#E5ECF6",
              "width": 0.5
             },
             "pattern": {
              "fillmode": "overlay",
              "size": 10,
              "solidity": 0.2
             }
            },
            "type": "bar"
           }
          ],
          "barpolar": [
           {
            "marker": {
             "line": {
              "color": "#E5ECF6",
              "width": 0.5
             },
             "pattern": {
              "fillmode": "overlay",
              "size": 10,
              "solidity": 0.2
             }
            },
            "type": "barpolar"
           }
          ],
          "carpet": [
           {
            "aaxis": {
             "endlinecolor": "#2a3f5f",
             "gridcolor": "white",
             "linecolor": "white",
             "minorgridcolor": "white",
             "startlinecolor": "#2a3f5f"
            },
            "baxis": {
             "endlinecolor": "#2a3f5f",
             "gridcolor": "white",
             "linecolor": "white",
             "minorgridcolor": "white",
             "startlinecolor": "#2a3f5f"
            },
            "type": "carpet"
           }
          ],
          "choropleth": [
           {
            "colorbar": {
             "outlinewidth": 0,
             "ticks": ""
            },
            "type": "choropleth"
           }
          ],
          "contour": [
           {
            "colorbar": {
             "outlinewidth": 0,
             "ticks": ""
            },
            "colorscale": [
             [
              0,
              "#0d0887"
             ],
             [
              0.1111111111111111,
              "#46039f"
             ],
             [
              0.2222222222222222,
              "#7201a8"
             ],
             [
              0.3333333333333333,
              "#9c179e"
             ],
             [
              0.4444444444444444,
              "#bd3786"
             ],
             [
              0.5555555555555556,
              "#d8576b"
             ],
             [
              0.6666666666666666,
              "#ed7953"
             ],
             [
              0.7777777777777778,
              "#fb9f3a"
             ],
             [
              0.8888888888888888,
              "#fdca26"
             ],
             [
              1,
              "#f0f921"
             ]
            ],
            "type": "contour"
           }
          ],
          "contourcarpet": [
           {
            "colorbar": {
             "outlinewidth": 0,
             "ticks": ""
            },
            "type": "contourcarpet"
           }
          ],
          "heatmap": [
           {
            "colorbar": {
             "outlinewidth": 0,
             "ticks": ""
            },
            "colorscale": [
             [
              0,
              "#0d0887"
             ],
             [
              0.1111111111111111,
              "#46039f"
             ],
             [
              0.2222222222222222,
              "#7201a8"
             ],
             [
              0.3333333333333333,
              "#9c179e"
             ],
             [
              0.4444444444444444,
              "#bd3786"
             ],
             [
              0.5555555555555556,
              "#d8576b"
             ],
             [
              0.6666666666666666,
              "#ed7953"
             ],
             [
              0.7777777777777778,
              "#fb9f3a"
             ],
             [
              0.8888888888888888,
              "#fdca26"
             ],
             [
              1,
              "#f0f921"
             ]
            ],
            "type": "heatmap"
           }
          ],
          "heatmapgl": [
           {
            "colorbar": {
             "outlinewidth": 0,
             "ticks": ""
            },
            "colorscale": [
             [
              0,
              "#0d0887"
             ],
             [
              0.1111111111111111,
              "#46039f"
             ],
             [
              0.2222222222222222,
              "#7201a8"
             ],
             [
              0.3333333333333333,
              "#9c179e"
             ],
             [
              0.4444444444444444,
              "#bd3786"
             ],
             [
              0.5555555555555556,
              "#d8576b"
             ],
             [
              0.6666666666666666,
              "#ed7953"
             ],
             [
              0.7777777777777778,
              "#fb9f3a"
             ],
             [
              0.8888888888888888,
              "#fdca26"
             ],
             [
              1,
              "#f0f921"
             ]
            ],
            "type": "heatmapgl"
           }
          ],
          "histogram": [
           {
            "marker": {
             "pattern": {
              "fillmode": "overlay",
              "size": 10,
              "solidity": 0.2
             }
            },
            "type": "histogram"
           }
          ],
          "histogram2d": [
           {
            "colorbar": {
             "outlinewidth": 0,
             "ticks": ""
            },
            "colorscale": [
             [
              0,
              "#0d0887"
             ],
             [
              0.1111111111111111,
              "#46039f"
             ],
             [
              0.2222222222222222,
              "#7201a8"
             ],
             [
              0.3333333333333333,
              "#9c179e"
             ],
             [
              0.4444444444444444,
              "#bd3786"
             ],
             [
              0.5555555555555556,
              "#d8576b"
             ],
             [
              0.6666666666666666,
              "#ed7953"
             ],
             [
              0.7777777777777778,
              "#fb9f3a"
             ],
             [
              0.8888888888888888,
              "#fdca26"
             ],
             [
              1,
              "#f0f921"
             ]
            ],
            "type": "histogram2d"
           }
          ],
          "histogram2dcontour": [
           {
            "colorbar": {
             "outlinewidth": 0,
             "ticks": ""
            },
            "colorscale": [
             [
              0,
              "#0d0887"
             ],
             [
              0.1111111111111111,
              "#46039f"
             ],
             [
              0.2222222222222222,
              "#7201a8"
             ],
             [
              0.3333333333333333,
              "#9c179e"
             ],
             [
              0.4444444444444444,
              "#bd3786"
             ],
             [
              0.5555555555555556,
              "#d8576b"
             ],
             [
              0.6666666666666666,
              "#ed7953"
             ],
             [
              0.7777777777777778,
              "#fb9f3a"
             ],
             [
              0.8888888888888888,
              "#fdca26"
             ],
             [
              1,
              "#f0f921"
             ]
            ],
            "type": "histogram2dcontour"
           }
          ],
          "mesh3d": [
           {
            "colorbar": {
             "outlinewidth": 0,
             "ticks": ""
            },
            "type": "mesh3d"
           }
          ],
          "parcoords": [
           {
            "line": {
             "colorbar": {
              "outlinewidth": 0,
              "ticks": ""
             }
            },
            "type": "parcoords"
           }
          ],
          "pie": [
           {
            "automargin": true,
            "type": "pie"
           }
          ],
          "scatter": [
           {
            "fillpattern": {
             "fillmode": "overlay",
             "size": 10,
             "solidity": 0.2
            },
            "type": "scatter"
           }
          ],
          "scatter3d": [
           {
            "line": {
             "colorbar": {
              "outlinewidth": 0,
              "ticks": ""
             }
            },
            "marker": {
             "colorbar": {
              "outlinewidth": 0,
              "ticks": ""
             }
            },
            "type": "scatter3d"
           }
          ],
          "scattercarpet": [
           {
            "marker": {
             "colorbar": {
              "outlinewidth": 0,
              "ticks": ""
             }
            },
            "type": "scattercarpet"
           }
          ],
          "scattergeo": [
           {
            "marker": {
             "colorbar": {
              "outlinewidth": 0,
              "ticks": ""
             }
            },
            "type": "scattergeo"
           }
          ],
          "scattergl": [
           {
            "marker": {
             "colorbar": {
              "outlinewidth": 0,
              "ticks": ""
             }
            },
            "type": "scattergl"
           }
          ],
          "scattermapbox": [
           {
            "marker": {
             "colorbar": {
              "outlinewidth": 0,
              "ticks": ""
             }
            },
            "type": "scattermapbox"
           }
          ],
          "scatterpolar": [
           {
            "marker": {
             "colorbar": {
              "outlinewidth": 0,
              "ticks": ""
             }
            },
            "type": "scatterpolar"
           }
          ],
          "scatterpolargl": [
           {
            "marker": {
             "colorbar": {
              "outlinewidth": 0,
              "ticks": ""
             }
            },
            "type": "scatterpolargl"
           }
          ],
          "scatterternary": [
           {
            "marker": {
             "colorbar": {
              "outlinewidth": 0,
              "ticks": ""
             }
            },
            "type": "scatterternary"
           }
          ],
          "surface": [
           {
            "colorbar": {
             "outlinewidth": 0,
             "ticks": ""
            },
            "colorscale": [
             [
              0,
              "#0d0887"
             ],
             [
              0.1111111111111111,
              "#46039f"
             ],
             [
              0.2222222222222222,
              "#7201a8"
             ],
             [
              0.3333333333333333,
              "#9c179e"
             ],
             [
              0.4444444444444444,
              "#bd3786"
             ],
             [
              0.5555555555555556,
              "#d8576b"
             ],
             [
              0.6666666666666666,
              "#ed7953"
             ],
             [
              0.7777777777777778,
              "#fb9f3a"
             ],
             [
              0.8888888888888888,
              "#fdca26"
             ],
             [
              1,
              "#f0f921"
             ]
            ],
            "type": "surface"
           }
          ],
          "table": [
           {
            "cells": {
             "fill": {
              "color": "#EBF0F8"
             },
             "line": {
              "color": "white"
             }
            },
            "header": {
             "fill": {
              "color": "#C8D4E3"
             },
             "line": {
              "color": "white"
             }
            },
            "type": "table"
           }
          ]
         },
         "layout": {
          "annotationdefaults": {
           "arrowcolor": "#2a3f5f",
           "arrowhead": 0,
           "arrowwidth": 1
          },
          "autotypenumbers": "strict",
          "coloraxis": {
           "colorbar": {
            "outlinewidth": 0,
            "ticks": ""
           }
          },
          "colorscale": {
           "diverging": [
            [
             0,
             "#8e0152"
            ],
            [
             0.1,
             "#c51b7d"
            ],
            [
             0.2,
             "#de77ae"
            ],
            [
             0.3,
             "#f1b6da"
            ],
            [
             0.4,
             "#fde0ef"
            ],
            [
             0.5,
             "#f7f7f7"
            ],
            [
             0.6,
             "#e6f5d0"
            ],
            [
             0.7,
             "#b8e186"
            ],
            [
             0.8,
             "#7fbc41"
            ],
            [
             0.9,
             "#4d9221"
            ],
            [
             1,
             "#276419"
            ]
           ],
           "sequential": [
            [
             0,
             "#0d0887"
            ],
            [
             0.1111111111111111,
             "#46039f"
            ],
            [
             0.2222222222222222,
             "#7201a8"
            ],
            [
             0.3333333333333333,
             "#9c179e"
            ],
            [
             0.4444444444444444,
             "#bd3786"
            ],
            [
             0.5555555555555556,
             "#d8576b"
            ],
            [
             0.6666666666666666,
             "#ed7953"
            ],
            [
             0.7777777777777778,
             "#fb9f3a"
            ],
            [
             0.8888888888888888,
             "#fdca26"
            ],
            [
             1,
             "#f0f921"
            ]
           ],
           "sequentialminus": [
            [
             0,
             "#0d0887"
            ],
            [
             0.1111111111111111,
             "#46039f"
            ],
            [
             0.2222222222222222,
             "#7201a8"
            ],
            [
             0.3333333333333333,
             "#9c179e"
            ],
            [
             0.4444444444444444,
             "#bd3786"
            ],
            [
             0.5555555555555556,
             "#d8576b"
            ],
            [
             0.6666666666666666,
             "#ed7953"
            ],
            [
             0.7777777777777778,
             "#fb9f3a"
            ],
            [
             0.8888888888888888,
             "#fdca26"
            ],
            [
             1,
             "#f0f921"
            ]
           ]
          },
          "colorway": [
           "#636efa",
           "#EF553B",
           "#00cc96",
           "#ab63fa",
           "#FFA15A",
           "#19d3f3",
           "#FF6692",
           "#B6E880",
           "#FF97FF",
           "#FECB52"
          ],
          "font": {
           "color": "#2a3f5f"
          },
          "geo": {
           "bgcolor": "white",
           "lakecolor": "white",
           "landcolor": "#E5ECF6",
           "showlakes": true,
           "showland": true,
           "subunitcolor": "white"
          },
          "hoverlabel": {
           "align": "left"
          },
          "hovermode": "closest",
          "mapbox": {
           "style": "light"
          },
          "paper_bgcolor": "white",
          "plot_bgcolor": "#E5ECF6",
          "polar": {
           "angularaxis": {
            "gridcolor": "white",
            "linecolor": "white",
            "ticks": ""
           },
           "bgcolor": "#E5ECF6",
           "radialaxis": {
            "gridcolor": "white",
            "linecolor": "white",
            "ticks": ""
           }
          },
          "scene": {
           "xaxis": {
            "backgroundcolor": "#E5ECF6",
            "gridcolor": "white",
            "gridwidth": 2,
            "linecolor": "white",
            "showbackground": true,
            "ticks": "",
            "zerolinecolor": "white"
           },
           "yaxis": {
            "backgroundcolor": "#E5ECF6",
            "gridcolor": "white",
            "gridwidth": 2,
            "linecolor": "white",
            "showbackground": true,
            "ticks": "",
            "zerolinecolor": "white"
           },
           "zaxis": {
            "backgroundcolor": "#E5ECF6",
            "gridcolor": "white",
            "gridwidth": 2,
            "linecolor": "white",
            "showbackground": true,
            "ticks": "",
            "zerolinecolor": "white"
           }
          },
          "shapedefaults": {
           "line": {
            "color": "#2a3f5f"
           }
          },
          "ternary": {
           "aaxis": {
            "gridcolor": "white",
            "linecolor": "white",
            "ticks": ""
           },
           "baxis": {
            "gridcolor": "white",
            "linecolor": "white",
            "ticks": ""
           },
           "bgcolor": "#E5ECF6",
           "caxis": {
            "gridcolor": "white",
            "linecolor": "white",
            "ticks": ""
           }
          },
          "title": {
           "x": 0.05
          },
          "xaxis": {
           "automargin": true,
           "gridcolor": "white",
           "linecolor": "white",
           "ticks": "",
           "title": {
            "standoff": 15
           },
           "zerolinecolor": "white",
           "zerolinewidth": 2
          },
          "yaxis": {
           "automargin": true,
           "gridcolor": "white",
           "linecolor": "white",
           "ticks": "",
           "title": {
            "standoff": 15
           },
           "zerolinecolor": "white",
           "zerolinewidth": 2
          }
         }
        },
        "title": {
         "text": "Ground Truth Feature Cosine Similarity"
        },
        "width": 1000,
        "xaxis": {
         "showticklabels": false,
         "title": {
          "text": "col (20)"
         }
        },
        "yaxis": {
         "autorange": "reversed",
         "showticklabels": false,
         "title": {
          "text": "row (20)"
         }
        }
       }
      }
     },
     "metadata": {},
     "output_type": "display_data"
    },
    {
     "data": {
      "application/vnd.plotly.v1+json": {
       "config": {
        "plotlyServerURL": "https://plot.ly"
       },
       "data": [
        {
         "colorscale": [
          [
           0,
           "#440154"
          ],
          [
           0.1111111111111111,
           "#482878"
          ],
          [
           0.2222222222222222,
           "#3e4989"
          ],
          [
           0.3333333333333333,
           "#31688e"
          ],
          [
           0.4444444444444444,
           "#26828e"
          ],
          [
           0.5555555555555556,
           "#1f9e89"
          ],
          [
           0.6666666666666666,
           "#35b779"
          ],
          [
           0.7777777777777778,
           "#6ece58"
          ],
          [
           0.8888888888888888,
           "#b5de2b"
          ],
          [
           1,
           "#fde725"
          ]
         ],
         "type": "heatmap",
         "z": [
          [
           0.9444606304168701,
           0.18041695654392242,
           0.186486154794693,
           0.20037512481212616,
           -0.01244725938886404,
           -0.001523778890259564,
           0.007040069438517094,
           -0.005185424350202084,
